%YAML:1.0

#--------------------------------------------------------------------------------------------
# System config
#--------------------------------------------------------------------------------------------

# When the variables are commented, the system doesn't load a previous session or not store the current one

# If the LoadFile doesn't exist, the system give a message and create a new Atlas from scratch
# System.LoadAtlasFromFile: "Session_MH01_MH02_MH03_Stereo60_Pseudo"

# The store file is created from the current session, if a file with the same name exists it is deleted
# System.SaveAtlasToFile: "Session_MH01_MH02_MH03_Stereo60_Pseudo"

#--------------------------------------------------------------------------------------------
# Camera Parameters. Adjust them!
#--------------------------------------------------------------------------------------------
File.version: "1.0"

Camera.type: "PinHole"

# Camera calibration and distortion parameters (OpenCV) 
Camera1.fx: 1167.87421447215
Camera1.fy: 1166.9553764645004
Camera1.cx: 771.763112280329
Camera1.cy: 589.9626482585169

Camera1.k1: -0.16610165879624592
Camera1.k2: 0.1156504557423161
Camera1.p1: -5.9407782773707644e-05
Camera1.p2: 0.0018508320481282106

Camera2.fx: 1165.9493476066016
Camera2.fy: 1167.2556820541186
Camera2.cx: 752.2788466729131
Camera2.cy: 580.9613365661235

Camera2.k1: -0.17863115239034907
Camera2.k2: 0.13121795689445712
Camera2.p1: -6.741741965147593e-05
Camera2.p2: -0.002580879117584875

Camera.width: 1600
Camera.height: 1200

Camera.newWidth: 720
Camera.newHeight: 480

# Camera frames per second 
Camera.fps: 20

# Color order of the images (0: BGR, 1: RGB. It is ignored if images are grayscale)
Camera.RGB: 1

# Close/Far threshold. Baseline times.
Stereo.ThDepth: 60.0
Stereo.T_c1_c2: !!opencv-matrix
  rows: 4
  cols: 4
  dt: f
  data: [0.998819,    0.0326988,   -0.0359329,     0.231668,
         -0.032654,     0.999465,   0.00183297,  -0.00439087,
         0.0359736, -0.000657451,     0.999353,   0.00583469,
               0.0,          0.0,          0.0,          1.0]

# Transformation from camera 0 to body-frame (imu)
IMU.T_b_c1: !!opencv-matrix
  rows: 4
  cols: 4
  dt: f
  data: [0.0156138019401, -0.00209949819523, 0.999875892947, 0.192334191016,
         0.999688314226, 0.0195154495097, -0.0155698950229, 0.199003903504,
         -0.0194803385383, 0.999807351112, 0.00240355417492, -0.160662618063,
         0.0, 0.0, 0.0, 1.0]

# IMU noise
IMU.NoiseGyro: 0.0016017 # 1.6968e-04
IMU.NoiseAcc: 0.0071376 # 2.0000e-3
IMU.GyroWalk: 0.0000165
IMU.AccWalk: 0.0002874 # 3.0000e-3
IMU.Frequency: 100.0
IMU.fastInit: 1
#--------------------------------------------------------------------------------------------
# ORB Parameters
#--------------------------------------------------------------------------------------------

# ORB Extractor: Number of features per image
ORBextractor.nFeatures: 2000

# ORB Extractor: Scale factor between levels in the scale pyramid 	
ORBextractor.scaleFactor: 1.2

# ORB Extractor: Number of levels in the scale pyramid	
ORBextractor.nLevels: 8

# ORB Extractor: Fast threshold
# Image is divided in a grid. At each cell FAST are extracted imposing a minimum response.
# Firstly we impose iniThFAST. If no corners are detected we impose a lower value minThFAST
# You can lower these values if your images have low contrast			
ORBextractor.iniThFAST: 20
ORBextractor.minThFAST: 7

#--------------------------------------------------------------------------------------------
# Viewer Parameters
#--------------------------------------------------------------------------------------------
Viewer.KeyFrameSize: 0.05
Viewer.KeyFrameLineWidth: 1.0
Viewer.GraphLineWidth: 0.9
Viewer.PointSize: 2.0
Viewer.CameraSize: 0.08
Viewer.CameraLineWidth: 3.0
Viewer.ViewpointX: 0.0
Viewer.ViewpointY: -0.7
Viewer.ViewpointZ: -1.8
Viewer.ViewpointF: 500.0
Viewer.imageViewScale: 1.0

